Input matrix A:
       0  7788.25  15576.5  6980.75    14769  6173.25  13961.5  5365.75 
 12713.8  12229.5  3441.25    10989  2072.75  10676.5  1824.25     9564 
  9043.5  15679.8     8075  14359.2   6882.5  15182.8     5594  14246.2 
 5373.25     2705  10277.8   4025.5  11596.2     3296  8820.75      8.5 
    1703  6347.25  14975.5  7651.75    16150  7866.25  12334.5  4690.75 
 14416.8   9788.5  1160.25     8980   481.75   8269.5  3801.25    11429 
 10746.5  14230.8     5410  12990.2   4171.5  12775.8     8051  15631.2 
 7076.25     1480  10108.8    224.5  8725.25      953  11565.8   3921.5 

Transposed matrix A^T by tiled_pad (32x8):
       0  12713.8   9043.5  5373.25     1703  14416.8  10746.5  7076.25 
 7788.25  12229.5  15679.8     2705  6347.25   9788.5  14230.8     1480 
 15576.5  3441.25     8075  10277.8  14975.5  1160.25     5410  10108.8 
 6980.75    10989  14359.2   4025.5  7651.75     8980  12990.2    224.5 
   14769  2072.75   6882.5  11596.2    16150   481.75   4171.5  8725.25 
 6173.25  10676.5  15182.8     3296  7866.25   8269.5  12775.8      953 
 13961.5  1824.25     5594  8820.75  12334.5  3801.25     8051  11565.8 
 5365.75     9564  14246.2      8.5  4690.75    11429  15631.2   3921.5 
